bag_id,[labels]
0,
1,12
2,12,13
3,
4,2,11,12,13
5,11
6,
7,
8,23
9,24
10,
11,25
12,3
13,16,19
14,
15,
16,23
17,23
18,2,23
19,3,23
20,8,11
21,
22,23
23,23
24,2,23
25,
26,11
27,2
28,11
29,
30,11
31,8
32,21
33,19
34,
35,
36,11,23
37,25
38,11,21
39,2,19
40,21
41,20
42,23,25,27
43,25
44,5,7,11
45,10,18
46,11,21
47,
48,21
49,
50,7,11,22,25
51,8
52,21
53,
54,25
55,25
56,1
57,9
58,
59,11
60,
61,
62,
63,
64,
65,10,25
66,7
67,
68,
69,4
70,2,8,12,13
71,3,6,10
72,2,8,13
73,2
74,2,23
75,25
76,25
77,22
78,8
79,
80,3,15,25
81,1,3
82,
83,10,15
84,
85,
86,
87,
88,3,7,15,23
89,2,25
90,9
91,1,9
92,
93,
94,
95,
96,25
97,8,16,25
98,7,13,27
99,13,15,17
100,
101,
102,7
103,25
104,14,15
105,10,11
106,
107,
108,3,7,8,25
109,25
110,
111,
112,2,3,9
113,
114,
115,2,3,9
116,3,11
117,8
118,9,12
119,2
120,
121,
122,23
123,23,27
124,9,23
125,8,11,23
126,3,9
127,3
128,
129,
130,
131,10
132,7,25
133,25
134,6,7,11
135,
136,
137,27
138,
139,
140,10
141,13,25
142,6,7,11
143,
144,
145,
146,9,11,15
147,10
148,
149,
150,23
151,
152,9,11,15
153,3,6,10
154,
155,
156,9,11
157,
158,
159,
160,23
161,
162,5,9,11
163,11,16
164,
165,26
166,12
167,12
168,2,12,13
169,3,23
170,2,11,12
171,2,11,13,23
172,21
173,27
174,23
175,23
176,5,12,23
177,12,23,25
178,3,5,11
179,11,16,23
180,23
181,19,23
182,23
183,23
184,2,11,23
185,2,3,12,23
186,2,8,11,23
187,2,23
188,23
189,2,23,24
190,2,15,23
191,19,23
192,2,11,23
193,2,23
194,11,19,23
195,32
196,8,21,23
197,8,11
198,21,30
199,19
200,23
201,2,10,24
202,11,23,25
203,2,23,25
204,11,13,21
205,2,31
206,21
207,24,33
208,7,25,27
209,25
210,3,5,7,8,10,11
211,18
212,10,13,21
213,7,11
214,21,30
215,
216,7,11,21,22,27
217,8,25
218,21
219,24
220,25
221,10,25
222,1,10
223,10
224,7,11
225,7,11
226,
227,
228,
229,8
230,
231,10,15,25
232,7
233,28
234,
235,4
236,2,13
237,2,3,6,10
238,2,8,13,23
239,2,27
240,2,9,11,23
241,25
242,3,22
243,22
244,
245,24
246,8,9,25
247,1,9,15,25
248,
249,
250,
251,
252,
253,2,15,27
254,2,3,27
255,2,25
256,9
257,1,6
258,
259,11
260,27
261,
262,14,25
263,16,25
264,5,9,13
265,10,11,18
266,
267,10,24,33
268,7
269,25
270,13,15
